      36.1       0.0      6112
      34.8       0.0      3476
      20.2       0.0      1217
      33.4       5.0       995
      35.0       0.0      4030
      36.6       0.0      1584
      36.5       0.0      1736
      34.1       0.0      5132
      29.7       0.0      1430
      28.4       0.0      6912
      39.3     101.6        27
      34.2       0.0      4699
      34.5       0.0      3198
      38.3      28.9       297
      35.8      15.4       511
      34.2       0.0      4081
      33.0       0.0      3010
      31.4       0.0      6203
      37.3       0.0      2604
      36.4       0.0      2971
      35.7       0.0      6118
      28.7       0.0      2556
      33.9       0.0      1681
      38.2       0.0      2679
      38.2       0.0      8053
      30.5       0.0      2385
      34.0       0.0     10828
      35.7       0.0      3365
      33.0       0.0      2711
      36.7       0.0      2610
      35.1       0.0      2587
      31.4       0.0      2012
      29.8       0.0      2660
      34.2       0.0      1711
      37.5       0.0      2095
      34.2       0.0      2694
      29.5       0.0      4371
      33.1       0.0      1392
      36.0      26.8       139
      29.0       0.0      2476
      37.4       0.0      8538
      40.0       0.0      4073
      30.2       0.0      4285
      31.8       0.0      5818
      34.6      38.1       255
      31.8       4.0       559
      28.2       3.9      1533
      35.1       0.0      3148
      29.6       0.0      2208
      30.5       9.8       589
      34.7      70.6        84
      36.9       0.0      2627
      32.8       0.0      3177
      32.1       0.0      3264
      32.4      22.5       264
      34.6     119.8        49
      40.2       0.0      4624
      38.5       8.1       471
      29.2       0.0      3515
      34.3       2.3      1771
      31.9      89.0        58
      37.6     136.6        57
      32.2       0.0      1684
      37.6       0.0      2766
      18.4       0.0       487
      37.4       0.0      9387
      15.5      58.2        12
      32.5       0.0      4463
      33.3      68.8        64
      28.3       0.0      2069
      37.5      84.2        25
      35.2      45.9       118
      25.2       1.2      1065
      37.0       5.5       313
      35.8       0.0      4354
      36.4      62.4       109
      30.6       3.4       391
      35.5       0.0      3020
      38.8       0.0      9321
      30.4      89.2        29
      24.8       0.0       922
      32.6       0.0      2408
      39.3       0.0      2444
      37.6       0.0      1469
      36.7       0.0      2827
      27.6       0.0      1064
      18.2     108.8         8
      33.7       0.0      6185
      33.8      76.3        90
      35.8       0.0      3529
      22.9       1.1       625
      36.8       4.7      1004
      35.7       0.0      2096
      31.0      55.6       114
      36.5      29.7       241
      27.0       0.0      1403
      36.6       0.0      3898
      38.4       0.0     15640
      33.7       0.0      2913
      37.8       0.0      5166
      37.5     138.1        38
      35.0       0.0      1948
      38.0       0.0      4571
      36.0       0.0      2922
      37.0       9.7       826
      37.8       0.0      6207
      38.0      10.4       406
      36.8      26.0       265
      30.3       0.0      2525
      31.9      19.8       183
      39.1     126.5        79
      37.4       0.0      2002
      36.6      53.8        71
      35.1       0.0      4058
      35.1       0.0      3113
      28.8       0.0      1743
      38.6       0.0      4277
      33.8       0.0      1405
      36.7       0.0      1235
      31.9       0.0      2101
      31.7     101.9        42
      31.1       0.0      2243
      37.6      42.0        99
      32.6      30.8        91
      36.9       0.0      4877
      13.5       0.0       459
      38.4       0.0      5299
      32.5      36.3       106
      33.1      24.6       119
      35.5       0.0      3295
      31.7       0.0      5045
      36.3       0.0      4502
      37.0       0.0      3688
      28.7       0.0      5660
      30.1       0.0      1708
      24.4       0.0      1471
      34.6       0.0      1759
      31.2       0.0      3808
      31.8       0.0      4855
      38.0      12.7       226
      34.9       0.0      3814
      37.6       0.0      2182
      31.1       0.0      1503
      36.5      12.5       261
      40.0       0.0      5106
      31.5      18.0       161
      35.0       0.0      6160
      38.1       0.0      3780
      38.3      19.4       153
      30.6       2.7       910
      31.9       0.0      2874
      31.0       0.0      1540
      40.4     161.7        28
      31.2       0.0      2253
      34.7      84.4        52
      15.8       0.0      1004
      36.0       0.0      3068
      37.5       0.0     13131
      26.3     109.9        28
      28.2       0.0      2221
      34.1       0.0      5683
      30.7     119.6        45
      30.2      34.0        55
      33.4       0.0      7239
      35.9       0.0      4914
      28.1       0.0      2122
      31.0       0.0      2464
      37.1       0.0      2804
      34.7      69.0        83
      35.8       0.7      4571
      32.4     100.7       105
      33.4     128.5        37
      34.1      27.8       354
      37.4     114.7        56
      34.2       0.0      4463
      35.3       0.0      7851
      34.3      10.8       243
      35.1      10.8       618
      26.2       0.0      1433
      27.9       8.5       247
      35.3       0.0      3482
      36.5      28.9       208
      35.8       0.0      4237
      36.7      99.5       127
      34.9       0.0      3308
      27.2       0.0      1361
      33.2       0.0      2175
      28.4       0.0      2293
      34.6       0.0      1954
      36.2       0.0      4725
      35.5       0.0      2512
      34.7     153.6        22
      35.3       0.0      3104
      35.0       0.0      3729
      37.1      37.1       133
      31.9       0.0      2115
      36.3       0.0      4336
      27.0      57.0        59
      38.6       0.0      2041
      27.7       0.0      1275
      36.1       0.0      1761
      34.7       0.0      1350
      27.1       0.0       972
      27.5       0.0      2611
      36.5       0.0      2284
      38.1       0.0      1947
      37.5     240.0        51
      37.7       0.0      1922
      35.3      74.1        60
      34.5      49.4        55
      31.7       0.0      2958
      37.8       0.0      3078
      38.0       0.0     13910
      36.3       0.0      3802
      39.0       0.0      3404
      36.9       0.0      3717
      31.4      25.6        91
      36.9      29.2       137
      35.7       0.0      2257
      35.6       0.0      4843
      31.0      15.9       604
      35.0      10.4       809
      34.8      46.2        74
      38.5       0.0      5371
      36.0      35.0       107
      38.5       0.0      4790
      31.9      32.0       115
      36.5      60.1        99
      30.7       0.0      2241
      39.7       0.0      9491
      38.3       0.0      3269
      34.4       0.0      7000
      35.9       0.0      3870
      37.3       0.0      1844
      33.3       0.0      4598
      31.9       0.0      2113
      33.7     100.6        79
      38.1       0.0      4557
      28.7       0.0      1788
      37.3       4.4       726
      31.2       0.0      2549
      29.3       0.0      2826
      36.8      11.4       311
      34.6       0.0      3659
      35.2       0.0      5316
      33.8      98.4        51
      33.6      26.7       144
      33.6       4.5       925
      34.4       0.0      2395
      33.8       0.0      2440
      38.1       0.0      2528
      36.1       6.9       249
      34.9       0.0      2776
      37.3       0.0      4318
      34.1       0.0      1814
      34.0       0.0      2679
      38.2       0.0      7374
      38.8       0.0      1883
      24.2       0.0       924
      37.7       0.0      7187
      31.4      33.9       144
      34.7       0.0      2266
      38.4       0.0      3164
      39.3       0.0      6515
      33.9       0.0      3228
      37.0     155.6        74
      39.5      14.6       211
      36.0       0.0      7876
      38.9       0.0      3040
      33.7       0.0      1135
      34.1      38.9        82
      36.0       0.0      4035
      36.1       0.0      3558
      34.3       0.0      3825
      33.0      26.5        70
      36.3       0.0      2747
      31.1       0.0      5332
      36.8       0.0      3372
      38.2       0.0      2932
      33.1       0.0      3385
      36.7       0.0      5807
      32.7      41.4        61
      31.6       0.0      5173
      25.9       0.0       745
      29.1       0.0      2697
      27.9      47.6       117
      38.7      38.4       247
      38.7       0.0      3108
      34.6       0.0      2938
      32.2       0.3      2471
      31.7     170.9        26
      29.8       0.0      2887
      35.1      19.5       181
      31.0       0.0      3501
      37.9       0.0      3725
      38.5       0.0      5097
      39.3      27.2       155
      30.6       0.0      1413
      29.3       0.0      7331
      38.3     167.0        40
      39.6       9.8       736
      34.6       0.0      1960
      39.4       0.0      2868
      34.7       0.0     10109
      34.2      93.1       105
      37.6       0.0      5010
      35.3       0.0      2057
      37.0       0.0      2870
      32.6       0.0      1675
      32.6       0.0      2885
      36.6       0.0      4563
      33.4       0.0      1746
      35.2       0.0      3684
      37.2       0.0     10387
      23.5      83.4        39
      39.0       0.0      2787
      31.5       0.0      2567
      35.9       0.0      1550
      37.4       0.0      2699
      35.3       0.0     13373
      34.7       0.0      4521
      38.5       0.0      5761
      36.4       0.0      3337
      38.0       1.7       874
      38.5       0.0      1496
      28.4       0.0      1482
      34.4       0.0      2880
      28.1       0.0      5134
      39.6       8.5       621
      26.0       0.2      2671
      38.7       0.0      1731
      35.9     199.5        34
      29.2       0.0      2043
      19.8       0.0      1385
      37.3       5.0      1648
      32.2       0.0      2363
      30.7       0.0      4286
      37.2       0.0      4946
      35.5      71.0        88
      38.0       0.0      1820
      37.5       0.0      3822
      37.3       0.0      7519
      39.3       0.0     14967
      33.7       0.0      1755
      33.4       0.0      2035
      38.0       0.0      4886
      35.2       0.0      4986
      36.2       0.0      6077
      34.3       0.0      1426
      34.7       3.4      1957
      34.5       0.0      2409
      38.8       0.0      2757
      33.4       0.0      3956
      31.1      40.1        41
      36.2       0.0      3419
      35.2       0.0      4613
      36.6       0.0      1551
      34.8       0.0      4244
      36.8      27.5        73
      27.2       0.0      2664
      36.8      28.1       127
      38.3       0.0      4594
      38.6       0.0      5727
      31.1       0.0      1622
      28.8      82.1        27
      35.2       0.0      1339
      35.1      34.0        58
      32.8      14.7       183
      37.8       0.0      2586
      32.7       0.0      2882
      34.9       0.0      6549
      34.9       0.0      1698
      33.6      31.2       282
      29.4       0.0      2295
      35.0       7.5       910
      33.6       0.0      1470
      34.9     100.3        97
      28.9       0.0      2890
      35.6       0.0      2797
      31.7       0.0      2361
      33.9       0.0      5282
      33.4       0.0      2743
      33.2       0.0      1726
      37.0       0.0      7754
      35.5       0.0      5855
      38.2     118.8        49
      36.6       0.0      2633
      36.8       0.0      3372
      31.5       0.0      1524
      32.4      20.0       367
      38.8       0.0      5027
      34.2       9.7       347
      13.9       6.5       167
      31.8      28.8       221
      34.9       0.0      3827
      36.8       0.0     15017
      40.0      20.5       116
      35.5       0.0      4462
      37.2       0.0      5727
      35.9       0.0      4794
      36.1       0.0      4204
      35.3      21.3       146
      33.7       0.0      4333
      34.9      31.9       100
      37.6       0.0      4847
      27.2      49.0        43
      32.6       0.0      3998
      32.7       0.0      1314
      36.6       0.0      2829
      27.7       0.0      1940
      30.1       0.0      4650
      37.0       0.0      2583
      39.2       0.0      6717
      36.9      20.3       294
      32.6       0.0      3468
      28.6       0.0      2359
      36.9       0.0      1577
      36.0       0.0      4062
      37.5       0.0      3871
      29.1      30.4       173
      35.3       0.0      9545
      37.1      54.2       119
      31.7       0.0      2000
      35.4       0.0      1771
      27.7     114.2        21
      35.4       0.0      1857
      31.4       0.0      4603
      35.4       0.0      3412
      38.8       0.0      1857
      34.2       0.0      1973
      22.8      42.5        54
      34.7       0.0      2371
      39.0      18.0       182
      33.7       0.0       949
      34.6       0.0      1603
      35.2       0.3      2506
      33.2       1.8       845
      35.8       0.0      2939
      35.9       0.0      1677
      30.2     285.9         5
      35.7       0.0      2393
      37.2       0.0      5659
      35.3       0.0      2304
      33.6       0.0      8217
      34.9      46.0        31
      32.3       0.0      7420
      36.3       0.0      7334
      31.8       0.0      2775
      34.3       0.0      3748
      30.9       0.0      1663
      31.1       0.0      2885
      35.8       0.0      4310
      35.8      12.7       751
      37.0       0.0     11247
      28.8       0.0      1990
      38.1       6.5       657
      26.8      48.8        61
      36.2      34.5       126
      36.9       0.0      8141
      35.4       0.0      9770
      32.2       0.0      4677
      37.5       0.0      3416
      37.9       0.0      5103
      29.4      41.8       119
      30.5       0.0      2296
      28.5       0.0      2039
      17.4       0.0       443
      37.2       0.0      5169
      31.1      64.4        31
      36.8       0.0      4115
      27.9       0.0      2591
      34.8      32.6       126
      32.5      69.6        56
      38.2       7.5       705
      35.9       0.0      2552
      36.2       0.0      9023
      36.9      29.5       289
      35.2       9.6       459
      38.0       0.0      2395
      38.4       0.0      3359
      29.7      26.6       400
      17.0      27.8        31
      36.7       0.0      1624
      29.0       0.0      2102
      36.1       0.0      3814
      35.0     134.8        20
      37.4       0.0      7611
      27.6       6.3       248
      34.3       0.0      2019
      31.7       0.0      2975
      28.7     144.8        21
      37.3       0.0      5263
      34.1       0.0      2880
      36.2       0.0      1774
      32.3       0.0      3554
      32.2      77.7        82
      32.1      20.9       312
      39.3       0.0      4861
      36.5       0.0      3352
      27.5      25.0       142
      33.2      11.6       440
      36.9       0.0      6181
      33.4      35.1       153
      28.8       0.0      2472
      37.6       0.0      3700
      33.6       0.0      3134
      37.3      22.8       370
      31.7       0.0      2216
      33.5       0.0      6176
      31.0      27.4        75
      30.8       0.0      3429
      38.1     150.3        25
      39.3       0.0      3399
      36.7       0.0      4287
      36.1       0.0      4750
      30.3       0.0       513
      36.0       0.0      1810
      36.1       0.0      3217
      38.1       0.0      6084
      37.7       0.0      2584
      36.3      35.9        88
      28.6      12.6        84
      35.7       0.0      1475
      26.6       0.0      1206
      32.7       0.0      3766
      28.0       0.0      2094
      39.1      17.2       653
      33.3       0.0      1441
      35.5      73.5        66
      35.4       0.0      4278
      37.7      70.4       107
      33.5       0.0      1906
      37.0       0.0      3203
      31.9       0.0      7192
      27.8       0.0      3744
      36.0       0.0      2029
      37.6       8.9       626
      32.4       0.0      2724
      29.3       0.0      2604
      38.7       0.0      5679
      36.9       0.0      4709
      35.0       0.0      3606
      25.0       0.0      1764
      35.6     115.1        31
      36.7     148.6        55
      34.0       0.0      5029
      37.9       0.0      4810
      32.4       0.0      5157
      36.5       2.6      1658
      37.7     107.4        58
      35.2       0.0      3479
      36.5      60.0        73
      35.1       0.0      4312
      22.1      51.3        36
      34.3      41.1       115
      31.0       0.0      1073
      34.8       0.0      4105
      38.4       0.0      8427
      38.8       0.0      7346
      37.7       0.0      1972
      21.9       0.0      1638
      30.7       0.0      2535
      33.3       0.0      2299
      30.1       0.0      3298
      34.2       0.0      1204
      38.6       0.0      1428
      37.7     109.9        51
      28.1       0.0      1953
      26.6       0.0      1878
      38.7       0.0      5320
      32.4      14.8       356
      33.9       0.0      3432
      34.1       0.0      2624
      29.3       0.0      1935
      25.6      26.5        65
      30.5      20.4        85
      32.3       0.0      2497
      34.3       0.0      2839
      34.2       9.9       912
      38.5       0.0      4254
      37.5       0.0      3564
      26.9       0.0      1560
      33.1     103.6        40
      38.7       0.0     12336
      29.9       0.0      2646
      36.1       0.0      4857
      32.7      46.5       105
      37.7       0.0      2799
      27.1      20.5       226
      36.7       0.0      8245
      36.5       0.0      4131
      19.9       0.0       407
      38.4      76.7        60
      34.2     109.2        71
      37.2       0.0      3174
      34.5       8.0       625
      36.6       0.0      3191
      33.6      56.9       136
      29.9       0.0      1801
      39.2       0.0      4404
      33.1       0.0      7130
      32.3      38.1       152
      31.7       9.4       484
      37.1       0.0      2417
      30.7       0.0      2238
      33.7       3.4      1599
      35.8      43.7       207
      32.1     184.0        52
      33.0       0.0      2287
      34.7       0.0      4402
      37.9      37.6       222
      33.0      42.1       201
      34.2       0.0      3199
      30.1       0.0      2197
      33.6      10.9       225
      27.4       0.0      1315
      40.0       0.0     12633
      32.3       0.0      1607
      35.5       0.0      5779
      34.7      17.5       284
      34.4       0.0      3865
      27.2       0.0      1329
      31.9      71.1        64
      39.6      83.6       125
      37.8       7.3       414
      36.1       0.0      4631
      34.2      25.1       314
      38.8       0.0      3279
      32.0       0.0      1364
      32.7      97.3        35
      35.9     162.7        70
      35.7       0.0      6844
      39.0       0.0      2687
      38.1       0.0      5228
      31.4      17.0       182
      37.8      17.5       384
      36.7       0.0      5404
      33.5       0.0      2688
      39.3      70.4       251
      31.7       0.0       887
      31.6       0.0      5450
      29.8       0.0      1099
      37.3      47.9        78
      36.7       0.0      2566
      35.3       0.0      3570
      21.0       0.0       881
      38.0      43.5       197
      36.7      16.0       112
      36.7       0.0      2320
      30.0      75.2        49
      21.3       0.0      1287
      36.4       0.0      2534
      39.1       0.0      7674
      35.3      15.3       390
      33.6      12.4       398
      37.3       0.0      2901
      36.1     159.1        95
      36.6       0.0      2445
      38.9      71.4        59
      34.0      22.8       372
      32.4      29.2       168
      37.7       0.0      3912
      37.8      41.1       229
      31.1       0.0      1787
      32.1       0.0      2396
      33.9       0.0      4331
      38.2     159.5        46
      34.1       6.1       296
      30.4       0.0      2235
      26.0       0.0      1127
      34.7      29.6       155
      36.8       0.0      5690
      35.7      41.3       178
      34.0       0.0      2004
      29.5       0.0      3481
      32.2       0.0      2617
      28.2       0.0      4596
      33.6       0.0      6882
      29.9       0.0      1315
      30.3       0.0      5570
      28.7       0.0      1622
      38.1       0.0      4531
      31.7       0.0      1822
      31.4       0.0      2730
      36.8       0.0      2600
      35.5       0.0      2668
      28.2       0.0      3454
      35.2       0.0      1711
      32.8     132.5        38
      31.1       0.0      2654
      29.8       0.0      3820
      37.5       0.0      2198
      34.7       0.0      1000
      37.2       0.0      2948
      36.0       0.0      3766
      35.2       0.0      1475
      22.2       0.0       729
      37.0       0.0      6315
      36.0       0.0      3094
      32.2       0.0      2794
      35.8       0.0      4980
      30.2      13.2       145
      37.3      82.3        81
      33.4      14.2       274
      29.0      82.2        49
      38.1      51.1       127
      35.7       0.0      3730
      29.9       0.0      2096
      28.6       0.0       742
      33.0       0.0      1235
      35.7       0.0      7170
      29.5      57.3        39
      32.9      58.5       175
      29.2       0.0      1799
      37.2       0.0      2882
      37.6       0.0      4805
      35.8       0.0      2487
      32.4       0.0      1826
      34.5       0.0      4066
      34.4       0.0      6144
      18.8       0.0       749
      23.6      15.3       167
      29.1       0.0      2359
      31.3      95.7        61
      35.5       0.0      3826
      37.1      12.2       188
      35.1       0.0      3392
      36.8      94.6        70
      38.1       0.0      2857
      31.8       0.0      6291
      31.1       0.0      4473
      35.6       0.0      3360
      25.7       0.0      2127
      29.6     119.1        29
      37.0       0.0      2759
      35.2       0.0      3913
      34.8      20.9       396
      23.2       0.0      1551
      35.0      24.3       217
      35.9       0.0      7420
      30.7       0.0      2456
      37.4       0.0      2276
      26.6       0.0      1077
      14.0       0.0       456
      37.2       0.8      3194
      30.4       2.7       511
      38.4       0.0      2757
      32.9     134.6        35
      34.5      35.9        78
      34.0       0.0      1202
      37.4       0.0      3882
      36.4       0.0      7335
      29.0       0.0      1649
      38.1       0.0      2746
      27.7      43.0        93
      37.5       0.0      2219
      36.4       0.0      3183
      34.5      29.7        91
      33.2       0.0      3341
      37.2       0.0      3510
      29.4       0.0      3589
      39.0       0.0      4080
      35.7       0.0      2047
      39.5       0.0      2806
      33.3      75.0        55
      33.5       0.0      7905
      28.9     232.1        11
      24.1       0.0      1242
      21.7       0.0      1601
      32.2       0.0      3282
      35.4       0.0      4992
      38.5       7.4       343
      27.8       0.0      3598
      35.2       0.0      1844
      30.0       0.0      1241
      35.8       0.0      3223
      37.7       0.0      7424
      34.3     188.0        42
      35.5       0.0      2986
      38.4       0.0      3814
      37.0       0.0      1826
      29.4      13.3        87
      33.6      32.9       102
      33.1       0.0      1569
      36.8       0.0      3770
      37.5       0.0      2111
      23.6      50.0        15
      25.7       0.0      2362
      32.0       0.0      4222
      35.8       0.0      5699
      31.0      16.2       128
      34.2       0.0      3212
      36.4       0.0      1627
      30.6       0.0      5060
      32.2       0.0      5095
      35.2       0.0      4334
      38.0      35.6       364
      34.7       0.0      3635
      37.0       0.0      4890
      35.3       0.0      5714
      34.0      28.8       211
      34.9       0.0      4409
      34.6       0.0      1774
      36.8       0.0      1458
      38.1       0.0      2656
      33.8       0.0      2757
      36.6       0.0      2767
      32.2       0.0      6587
      33.6       0.0      5711
      24.7       0.0      1219
      35.3      19.9       202
      34.1       0.0      2353
      29.5       0.0      1409
      31.5       0.0      4575
      33.5      15.1       473
      29.3       0.0      2967
      37.7       0.0      5242
      37.3       0.0      2516
      23.0      57.3        64
      34.4       0.0      3122
      35.3       0.0      5121
      37.0       0.0      3794
      40.1     338.6        35
      35.6      89.9        31
      33.2       0.0      2066
      35.0      64.7       129
      38.3       0.0      3716
      36.9       0.0      4004
      37.5       0.0      2980
      19.3       0.0       443
      28.8       0.0      1566
      28.3       0.0      1643
      31.9      71.9        85
      38.1       0.0      7285
      37.5      89.9        50
      36.6       0.0      4143
      35.4       0.0      2669
      34.0       0.0      1607
      36.1       0.0      8013
      35.9       0.0      5160
      33.5       0.0      3816
      37.2       0.0      3493
      38.6       0.0      3856
      32.0       0.0      1847
      34.0       0.0      1931
      29.2       0.0      4274
      37.4       0.0      2449
      30.3       0.0      1100
      29.6       0.0      2384
      33.8       0.0      5766
      29.8       9.6       210
      38.0       2.0      2440
      36.9       0.0      3129
      35.0       2.7       791
      30.8       0.0      2065
      35.9       0.0      2493
      31.0      18.2       334
      27.8       0.0      1482
      21.8      60.3        29
      36.1       0.0      4101
      38.2       0.0      4828
      31.7      46.0       126
      29.9       0.0      1239
      32.4       0.0      3029
      38.3       0.0      6547
      28.9      49.3       101
      32.9      16.6       196
      37.6       0.0      2956
      34.8       0.0      5296
      33.1       0.0      2899
      39.9      87.4       110
      35.0       0.0      1448
      33.4      49.3        28
      27.7       0.0      1624
      32.7       0.0      2069
      23.7      22.8        94
      32.3       0.0      2397
      35.1       7.1      2123
      31.4       0.0      2330
      37.6       0.0      4415
      37.8      30.2       197
      34.7       0.0      9371
      33.0       0.0      5564
      35.7      22.8       108
      35.4       0.0      3813
      38.0       0.0      4845
      34.2      32.9       196
      34.1       0.0      7277
      39.7       0.0      9008
      33.6      59.1        66
      34.6       0.0      1915
      36.4      58.6        88
      36.7       0.0      5507
      40.4      31.4       447
      27.4       0.0      1770
      34.4       0.0      3090
      34.7       0.0      2454
      34.7       0.0      5547
      38.7       0.0      5842
      34.1       0.0      4069
      26.0       0.0      2460
      35.8       0.0      5506
      37.4       0.0      2576
      31.0       0.0      1309
      37.7       0.0      2039
      15.8      35.5        26
      33.6       0.0      2580
      33.7       0.0      3453
      34.8       1.4       816
      28.7       0.0      5058
      34.1       8.2       434
      38.5      36.6       160
      36.1      11.6       457
      31.7     177.0        33
      26.1       0.0      1460
      30.6       0.0      4334
      31.8      81.6        81
      30.1       5.8       155
      30.1      11.3       400
      30.8      48.5       107
      38.7       0.0      1674
      29.9      98.9        24
      35.5       0.0      3735
      37.0       0.0      6977
      34.2       0.0      2063
      35.3       0.0      7774
      35.5       0.0      4337
      30.3       0.0      2481
      32.8       0.0      3572
      34.2       1.3      4089
      25.5       0.0       740
      33.4       0.0      4369
      39.4       0.0      6356
      36.0       0.0      3083
      24.4       0.0      1290
      36.8       0.0      3162
      35.6       0.0      2299
      32.4       0.0      2427
      36.1       0.0      5081
      32.6       0.0      1271
      25.0       0.0      1424
      38.8       0.0      1655
      37.4       5.7       535
      32.3       0.0      5044
      36.3       0.0      5674
      39.6      33.3       269
      38.3      64.3        66
      38.5      28.1       465
      30.9       0.0      1318
      36.9       0.0      3081
      38.6       0.0      6482
      35.7      48.0       199
      33.8       0.0      4673
      38.8      53.9        81
      31.4       0.0      2306
      36.3       0.0      8489
      33.3       0.0      2743
      35.6       0.0      4119
      37.4       0.0      2059
      29.3       0.0      2198
      32.5       0.0      2676
      36.4       0.0      2986
      29.8       0.0      1321
      36.8       0.0      8613
      38.8      15.5       225
      32.1      78.9        92
      29.4       0.0      4941
      36.4       0.0      1951
      36.2       0.0     10412
      37.8      27.9       117
      30.0       0.0      1384
      37.6       0.0      4480
      34.4       0.0      4113
      34.7       0.0      4814
      35.3       0.0      2575
      35.9       0.0      3796
      18.9      29.7        35
      35.0      37.0       403
      35.6      73.2       247
      39.1      44.8        92
      38.8       0.0      7303
      38.7      79.7       114
      34.7       0.0      1358
      36.7       0.0      2497
      29.4       0.0      2738
      33.5       0.0      3119
      37.7       0.0      5553
      34.7       0.0      1783
      15.3       0.0       805
      35.7       0.0      5285
      39.9       4.1      1246
      39.1       0.0      4673
      33.1       0.0      3033
      34.0       0.0      7812
      33.0       0.0      3722
      38.2       0.0      2991
      35.4     107.7        40
      27.6       0.0      3205
      30.5       0.0      1922
      25.2       0.0      1039
      37.0      62.2       115
      36.0       0.0      3707
      36.4       0.0      1319
      32.3      47.8        53
      35.0       0.0      5897
      34.3      86.1       103
      28.4       0.0      1226
      35.9       0.0      3760
      32.0       4.4       832
      39.4       0.0      2817
      31.5      16.0       261
      38.1       0.0      2290
      35.3       0.0      2243
      35.4      39.0        87
      37.8       0.0      5593
      36.0       0.0      3048
      33.0       0.0      1612
      34.2       0.0      1822
      32.4       0.0      1636
      32.8      36.5        68
      36.4       0.0      7547
      31.6       0.0      5116
      34.8       0.0      4983
      34.6      57.2        77
      38.6      12.3       362
      37.1       0.0      4354
      38.0      48.9       150
      36.2       0.0      3179
      37.8       0.0      7917
      32.4      59.1       142
      32.6       0.0      6775
      11.2       0.0       548
      35.9       0.0      4564
      30.6      39.5        94
      28.4       0.0      2363
      33.9       0.0      6400
      38.5       0.0      4108
      36.8       0.0      1271
      32.9       0.0      2709
      33.3       0.8      1591
      37.2      34.8       185
      38.1       0.0      5657
      36.6       0.0      2182
      32.5      87.7        47
      24.3       0.0      1984
      30.5       0.0      4319
      35.4      40.8       159
      34.4      28.0       324
      34.3      55.4        54
      34.8       0.0      3696
      20.3       0.0      1653
      33.2      24.6       209
      38.5       0.0      6206
      29.0       0.0      6033
      30.7       0.0       785
      29.0       0.0      6812
      30.3      13.1       278
      38.0      29.6       161
      25.7       0.0      1484
      37.5      45.5       188
      31.7       0.0      3508
      29.8       0.0      1538
      35.4       0.0      2094
      28.1      29.8       120
      23.0       0.0       608
      37.2       0.0      6835
      35.7       0.0      4536
      36.3       0.0      2869
      30.0       0.0      3914
      31.5       0.0      2713
      36.6       0.0      4994
      30.6       0.0      1653
      34.3       0.0      1578
      36.1       0.0      5861
      30.2       0.0      2128
      34.1      32.4       235
      38.2       0.0      1382
      35.8       0.0      4641
      29.0       0.0      3663
      35.8       0.0      6011
      32.3       0.0      1612
      35.1       0.0      3265
      34.4       0.0      2718
      39.1       0.0      8526
      35.4      31.8       240
      39.5       0.0      9025
      33.1       3.6       676
      37.3       0.0      4044
      35.3       0.0      1672
      35.1       0.0      4328
      38.6       0.0      4770
      33.6     184.2        19
      30.8      96.3        16
      34.8       0.0      2297
      38.8       0.0      1953
