466910 121.5297306 25.18258611 825.8  鞍部  
466920 121.5148833 25.03760556 5.3    臺北  
466930 121.5445472 25.16207778 607.1  竹子湖
466940 121.7404750 25.13331389 26.7   基隆  
466990 121.6132750 23.97512778 16     花蓮  
467060 121.8573722 24.59673611 24.9   蘇澳  
467080 121.7565278 24.76397500 7.2    宜蘭  
467410 120.2047722 22.99323889 40.8   臺南  
467440 120.3157333 22.56599167 2.3    高雄  
467480 120.4329056 23.49592500 26.9   嘉義  
467490 120.6840750 24.14573611 84.04  臺中  
467530 120.8132417 23.50820833 2413.4 阿里山
467540 120.9037889 22.35567500 8.1    大武  
467571 121.0142194 24.82785278 26.9   新竹  
467590 120.7463389 22.00389722 22.1   恆春  
467610 121.3734278 23.09748611 33.5   成功  
467650 120.9080500 23.88132500 1014.8 日月潭
467660 121.1545861 22.75221111 9      臺東  
467770 120.5233806 24.25600278 31.73  梧棲  